1  0 0 8
1  3 0 8
1 10 0 8
1 30 5 8
1 60 8 8
1 120 8 8
2 0 0 16
2 1 0 8
2 2 0 8
2 5 0 8
2 10 0 16
2 20 3 8
2 25 2 8
2 30 8 8
2 50 16 16
3 0 0 16
3 5 0 16
3 25 0 16
3 50 0 8
3 75 0 16
3 125 0 8
3 150 6 8
3 250 8 8
4 0 0 8
4 5 0 8
4 10 0 8
4 25 4 8
4 50 7 8
4 75 8 8
1 6 0 6
1 30 3 14
2 10 0 6
2 20 1 8
2 30 0 6
3 50 0 6
3 125 1 14
4 10 0 6
4 25 1 8
4 50 6 6
5 0 0 14
5 10 3 12
5 55 3 12
5 100 8 12
5 200 10 12
5 300 11 12
5 450 12 12
1 30 3 8
2 20 0 8
3 125 0 8
4 25 3 8
6 0 0 8
6 1.75 0 12
6 9.6 2 12
6 17.5 2 12
6 35 6 12
6 52.5 12 12
6 78.8 11 12


